20
36
0 1 0.020101
0 3 0.045226
1 2 0.045226
2 6 0.045226
2 5 0.020101
2 4 0.050251
3 4 0.010050
3 13 0.035176
4 13 0.005025
4 8 0.035176
5 7 0.030151
5 8 0.045226
5 10 0.015075
6 7 0.015075
6 9 0.045226
7 9 0.025126
7 11 0.010050
8 10 0.015075
8 14 0.030151
8 13 0.035176
9 12 0.015075
10 11 0.035176
10 15 0.040201
11 12 0.015075
11 16 0.025126
12 17 0.020101
13 14 0.040201
13 18 0.010050
14 15 0.050251
14 18 0.015075
15 16 0.025126
15 19 0.040201
16 17 0.035176
16 19 0.010050
17 19 0.010050
18 19 0.035176

